0.923993 -0.0384998 0.380467
0.526682 0.275176 1.24288
0.637382 0.197834 2.23372
1.02558 0.0851131 3.14837
0.395881 0.100679 3.92505
0.927883 0.040183 4.76963
0.377883 -0.0314767 3.93755
0.830682 -0.0329796 4.82916
0.0963626 -0.121602 4.15616
0.853617 0.0079865 4.7963
1.63599 0.128859 5.40727
0.925579 0.000922883 4.71521
1.33763 0.171448 5.61027
0.625916 0.019004 4.92454
1.26688 0.232779 5.66174
1.98203 0.433695 6.33121
2.7518 0.722738 6.90034
3.49122 0.88779 7.55303
4.198 1.02222 8.24758
5.14828 1.03145 7.93635
5.85177 1.27584 8.60372
6.6334 1.60948 9.13074
7.5254 1.92138 9.45791
7.71331 1.78863 8.48473
8.6533 2.03946 8.25341
9.58465 2.38754 8.36033
8.68794 1.97695 8.19502
7.94033 1.40647 7.85496
8.70838 1.92521 8.23047
7.8799 1.46186 7.91595
8.74702 1.86828 8.20393
8.03692 1.31968 7.76255
8.66645 1.93474 8.23732
9.36379 2.51186 8.66235
10.031 3.10415 9.11399
10.7983 3.6505 9.44993
10.5426 3.15582 8.6193
11.3646 3.64477 8.91144
12.1534 4.15992 9.24672
12.9382 4.67182 9.59595
13.7268 5.13863 9.99615
12.9369 4.67592 9.59386
12.1184 4.2714 9.18579
12.8087 4.66512 9.79282
13.2754 4.96356 10.6254
12.8331 4.63816 9.78961
12.3392 4.24714 9.01297
12.8173 4.60761 9.81394
13.1385 4.94634 10.6983
12.9091 4.51993 9.82333
