0.0774716 -0.0680261 0.994671
0.109006 -0.0913913 1.9939
0.121852 -0.136711 2.99279
0.125028 -0.160529 3.9925
0.279235 -0.150657 4.98049
0.252069 -0.187968 5.97942
0.250644 -0.190491 6.97942
0.290505 -0.176503 7.97853
0.348057 -0.190863 8.97677
-0.145061 -0.14818 9.84568
-0.146527 -0.132552 10.8456
-0.117091 -0.156409 11.8448
-0.12979 -0.166643 12.8447
-0.148999 -0.175189 13.8445
-0.0351319 -0.197067 14.8377
0.00680251 -0.224889 15.8365
0.0276034 -0.254763 16.8358
0.0677368 -0.305147 17.8337
0.15266 -0.354645 18.8289
0.193415 -0.364477 19.828
0.267524 -0.363577 20.8253
0.254096 -0.356944 21.8251
0.338694 -0.318784 22.8208
0.395275 -0.306157 23.8192
0.434113 -0.346925 24.8176
0.466085 -0.370168 25.8168
0.445248 -0.413865 26.8156
0.44559 -0.437822 27.8153
0.366462 -0.471865 28.8116
0.269365 -0.517501 29.8058
0.253758 -0.550835 30.8052
0.213032 -0.557052 31.8043
0.250035 -0.571271 32.8035
0.147278 -0.602806 33.7977
0.0244525 -0.650461 34.789
0.0112634 -0.67336 35.7887
0.00441276 -0.699317 36.7883
-0.00664385 -0.722583 37.788
0.0310482 -0.736062 38.7872
0.0272718 -0.764399 39.7868
-0.0176635 -0.785284 40.7855
-0.100366 -0.783207 41.7821
-0.0631182 -0.804444 42.7812
-0.0457321 -0.813175 43.781
-0.0982847 -0.806456 44.7796
-0.108474 -0.810187 45.7795
-0.0881204 -0.865924 46.7778
-0.0931202 -0.880996 47.7776
-0.127397 -0.892786 48.777
-0.14068 -0.900778 49.7769
