1.110223e-16 2.220446e-16 -2.220446e-16
0.9239926309939053 -0.03849981358420434 0.3804672828106019
1.148817487469301 -0.17675388243757476 1.3450083188375006
1.246984330618159 -0.1777385509473691 2.3401777030479547
1.3996460763887912 -0.23056771069335208 3.327043082135676
1.7931555864788788 -0.3973349176265363 4.231111000258556
2.1113743603089152 -0.43350506877084194 5.178437951557557
2.4831369968202024 -0.45048188652167204 6.1066104341647405
3.0158576724198163 -0.5059956853084777 6.951078762347341
3.4925606848165693 -0.5892052539697685 7.826196041605783
3.954783183469627 -0.6988713235317571 8.706152608718439
4.482526681712371 -0.6867512327745626 9.555469839937947
5.08970632711598 -0.6890151593863892 10.35003111927481
6.048480903949766 -0.8882842450110754 10.147440067802854
6.290016961117888 -1.0236191029119415 11.108348296798553
6.836836796542279 -1.0522703593684484 11.945108138733834
7.359544667149876 -1.1407883139567832 12.79301197166533
8.061886853534693 -1.2205858372497886 13.500364577104186
8.738330948118 -1.2395041899381665 14.236615468074378
9.319156056408318 -1.320804644172875 15.046573675942755
10.037934399575295 -1.2860334139585667 15.740942856267065
10.813227783561803 -1.27782172756386 16.372490682827753
11.617194850242411 -1.4796384450203517 16.931871506233982
12.473821231298604 -1.6398126187497477 17.422315620482028
13.017202439421245 -1.759395530108579 18.25324079871853
13.903638048479387 -1.784204751239125 18.71542730960315
14.79597770803949 -1.8868810927656354 19.154958266669198
15.72950508253375 -1.922284793577401 19.511711954248963
16.657353057097012 -1.964405252873833 19.882284451283432
17.578620686321496 -1.9380453967275217 20.270319350817953
18.504914185715002 -1.9381886356399556 20.647122089794614
19.4588320588111 -1.9502318153835472 20.946948098094595
20.435490015642536 -1.9739155733895064 21.16043886103911
21.40690007684355 -2.0308985727505724 21.39090668995335
22.350806244781158 -2.0095116521935275 21.720427135568045
23.327390264603743 -1.9943681069327241 21.935029829112146
24.326267407376974 -1.991569999330565 21.982322786265737
25.300215416847426 -1.991108248361801 22.209093708939374
26.266297746747384 -1.982132227985741 22.46717189402704
27.258532359807035 -2.0141351109006833 22.58736459450636
28.255887005809583 -1.9969918087670113 22.516725962837643
29.253103687172594 -1.960557049598118 22.581775158828016
30.2486117092039 -1.9942528652152678 22.670253226843055
31.2391150273704 -2.0507158547749396 22.79561312621636
32.23460302785926 -2.0104560999284744 22.70968995392847
33.233805128232156 -2.034126539209867 22.741859391428292
34.230011827646216 -2.037298692581822 22.65489877985507
35.229543638361456 -2.0249017847219744 22.626926009437305
36.228087017400675 -2.057992884061029 22.669541722028683
37.22307150350168 -2.069535891677266 22.570180615903325
38.21382430614304 -2.183806266944824 22.643332268782263
